0,0: (143,169,194,0.837964)  #8FA9C2D6  srgba(143,169,194,0.837964)
0,0: (139,166,192,0.837964)  #8BA6C0D6  srgba(139,166,192,0.837964)
0,0: (131,160,187,0.837964)  #83A0BBD6  srgba(131,160,187,0.837964)
0,0: (138,165,191,0.837964)  #8AA5BFD6  srgba(138,165,191,0.837964)
0,0: (137,165,191,0.837964)  #89A5BFD6  srgba(137,165,191,0.837964)
0,0: (137,164,190,0.837964)  #89A4BED6  srgba(137,164,190,0.837964)
0,0: (138,165,191,0.837964)  #8AA5BFD6  srgba(138,165,191,0.837964)
0,0: (140,167,192,0.837964)  #8CA7C0D6  srgba(140,167,192,0.837964)
0,0: (132,161,188,0.837964)  #84A1BCD6  srgba(132,161,188,0.837964)
0,0: (140,167,192,0.837964)  #8CA7C0D6  srgba(140,167,192,0.837964)
0,0: (140,166,192,0.837964)  #8CA6C0D6  srgba(140,166,192,0.837964)
0,0: (50,50,50,0.300999)  #3232324D  srgba(50,50,50,0.300999)
0,0: (50,50,50,0.314641)  #32323250  srgba(50,50,50,0.314641)
0,0: (214,46,29,0.299123)  #D62E1D4C  srgba(214,46,29,0.299123)
0,0: (214,47,30,0.290776)  #D62F1E4A  srgba(214,47,30,0.290776)
0,0: (52,52,52,0.232349)  #3434343B  srgba(52,52,52,0.232349)
0,0: (139,165,188,0.837964)  #8BA5BCD6  srgba(139,165,188,0.837964)
0,0: (149,172,193,0.837964)  #95ACC1D6  srgba(149,172,193,0.837964)
0,0: (149,172,193,0.837964)  #95ACC1D6  srgba(149,172,193,0.837964)
0,0: (149,173,197,0.837964)  #95ADC5D6  srgba(149,173,197,0.837964)
0,0: (149,173,197,0.837964)  #95ADC5D6  srgba(149,173,197,0.837964)
0,0: (150,175,198,0.837964)  #96AFC6D6  srgba(150,175,198,0.837964)
0,0: (150,175,198,0.837964)  #96AFC6D6  srgba(150,175,198,0.837964)
0,0: (145,169,191,0.837964)  #91A9BFD6  srgba(145,169,191,0.837964)
0,0: (145,169,191,0.837964)  #91A9BFD6  srgba(145,169,191,0.837964)
0,0: (168,168,167,0.571191)  #A8A8A792  srgba(168,168,167,0.571191)
0,0: (158,127,111,0.44062)  #9E7F6F70  srgba(158,127,111,0.44062)
0,0: (150,174,197,0.837964)  #96AEC5D6  srgba(150,174,197,0.837964)
0,0: (150,174,197,0.837964)  #96AEC5D6  srgba(150,174,197,0.837964)
0,0: (153,175,195,0.837964)  #99AFC3D6  srgba(153,175,195,0.837964)
0,0: (152,174,194,0.837964)  #98AEC2D6  srgba(152,174,194,0.837964)
0,0: (149,67,59,0.726101)  #95433BB9  srgba(149,67,59,0.726101)
0,0: (160,130,115,0.437339)  #A0827370  srgba(160,130,115,0.437339)
0,0: (84,192,226,0.721538)  #54C0E2B8  srgba(84,192,226,0.721538)
0,0: (59,59,59,0.333577)  #3B3B3B55  srgba(59,59,59,0.333577)
0,0: (217,217,217,0.329381)  #D9D9D954  srgba(217,217,217,0.329381)
0,0: (143,169,194,0.837964)  #8FA9C2D6  srgba(143,169,194,0.837964)
0,0: (143,169,194,0.837964)  #8FA9C2D6  srgba(143,169,194,0.837964)
0,0: (217,217,217,0.856825)  #D9D9D9DA  srgba(217,217,217,0.856825)
0,0: (55,55,55,0.856825)  #373737DA  srgba(55,55,55,0.856825)
0,0: (214,214,214,0.571786)  #D6D6D692  srgba(214,214,214,0.571786)
0,0: (60,60,60,0.571771)  #3C3C3C92  srgba(60,60,60,0.571771)
0,0: (248,187,56,0.477882)  #F8BB387A  srgba(248,187,56,0.477882)
0,0: (215,219,230,0.452399)  #D7DBE673  srgba(215,219,230,0.452399)
0,0: (181,53,59,0.7411)  #B5353BBD  srgba(181,53,59,0.7411)
0,0: (116,116,116,0.835721)  #747474D5  srgba(116,116,116,0.835721)
0,0: (108,97,209,0.397589)  #6C61D165  srgba(108,97,209,0.397589)
0,0: (161,154,145,0.539498)  #A19A918A  srgba(161,154,145,0.539498)
0,0: (213,171,134,0.309636)  #D5AB864F  srgba(213,171,134,0.309636)
0,0: (241,187,65,0.682994)  #F1BB41AE  srgba(241,187,65,0.682994)
0,0: (179,108,200,0.837964)  #B36CC8D6  srgba(179,108,200,0.837964)
0,0: (178,110,199,0.837964)  #B26EC7D6  srgba(178,110,199,0.837964)
0,0: (181,114,201,0.837964)  #B572C9D6  srgba(181,114,201,0.837964)
0,0: (177,108,198,0.837964)  #B16CC6D6  srgba(177,108,198,0.837964)
0,0: (180,113,201,0.837964)  #B471C9D6  srgba(180,113,201,0.837964)
0,0: (180,113,201,0.837964)  #B471C9D6  srgba(180,113,201,0.837964)
0,0: (182,119,201,0.837964)  #B677C9D6  srgba(182,119,201,0.837964)
0,0: (178,108,200,0.837964)  #B26CC8D6  srgba(178,108,200,0.837964)
0,0: (178,107,199,0.837964)  #B26BC7D6  srgba(178,107,199,0.837964)
0,0: (181,114,201,0.837964)  #B572C9D6  srgba(181,114,201,0.837964)
0,0: (178,112,199,0.837964)  #B270C7D6  srgba(178,112,199,0.837964)
0,0: (179,109,200,0.837964)  #B36DC8D6  srgba(179,109,200,0.837964)
0,0: (49,49,49,0.49189)  #3131317D  srgba(49,49,49,0.49189)
0,0: (44,44,44,0.52134)  #2C2C2C85  srgba(44,44,44,0.52134)
0,0: (215,101,86,0.535927)  #D7655689  srgba(215,101,86,0.535927)
0,0: (209,82,65,0.390753)  #D1524164  srgba(209,82,65,0.390753)
0,0: (208,46,30,0.259007)  #D02E1E42  srgba(208,46,30,0.259007)
0,0: (50,155,65,0.489967)  #329B417D  srgba(50,155,65,0.489967)
0,0: (68,140,230,0.837964)  #448CE6D6  srgba(68,140,230,0.837964)
0,0: (84,113,143,0.310506)  #54718F4F  srgba(84,113,143,0.310506)
0,0: (219,189,59,0.521996)  #DBBD3B85  srgba(219,189,59,0.521996)
0,0: (254,191,69,0.199084)  #FEBF4533  srgba(254,191,69,0.199084)
0,0: (216,216,216,0.715206)  #D8D8D8B6  srgba(216,216,216,0.715206)
0,0: (75,75,75,0.714839)  #4B4B4BB6  srgba(75,75,75,0.714839)
0,0: (133,133,133,0.722011)  #858585B8  srgba(133,133,133,0.722011)
0,0: (183,174,173,0.722042)  #B7AEADB8  srgba(183,174,173,0.722042)
0,0: (170,169,176,0.469078)  #AAA9B078  srgba(170,169,176,0.469078)
0,0: (219,209,191,0.567956)  #DBD1BF91  srgba(219,209,191,0.567956)
0,0: (182,116,202,0.837964)  #B674CAD6  srgba(182,116,202,0.837964)
0,0: (213,102,79,0.714839)  #D5664FB6  srgba(213,102,79,0.714839)
0,0: (153,144,134,0.594415)  #99908698  srgba(153,144,134,0.594415)
0,0: (114,157,154,0.854765)  #729D9ADA  srgba(114,157,154,0.854765)
0,0: (122,125,26,0.341039)  #7A7D1A57  srgba(122,125,26,0.341039)
0,0: (184,103,47,0.423133)  #B8672F6C  srgba(184,103,47,0.423133)
0,0: (109,124,88,0.854765)  #6D7C58DA  srgba(109,124,88,0.854765)
0,0: (147,65,45,0.631586)  #93412DA1  srgba(147,65,45,0.631586)
0,0: (185,128,126,0.252415)  #B9807E40  srgba(185,128,126,0.252415)
0,0: (58,194,64,0.837964)  #3AC240D6  srgba(58,194,64,0.837964)
0,0: (151,171,184,0.381857)  #97ABB861  srgba(151,171,184,0.381857)
0,0: (218,218,218,0.622477)  #DADADA9F  srgba(218,218,218,0.622477)
0,0: (216,174,138,0.63267)  #D8AE8AA1  srgba(216,174,138,0.63267)
0,0: (221,188,154,0.406867)  #DDBC9A68  srgba(221,188,154,0.406867)
0,0: (212,171,135,0.40734)  #D4AB8768  srgba(212,171,135,0.40734)
0,0: (196,166,90,0.383688)  #C4A65A62  srgba(196,166,90,0.383688)
0,0: (129,129,129,0.383383)  #81818162  srgba(129,129,129,0.383383)
0,0: (33,33,33,0.264881)  #21212144  srgba(33,33,33,0.264881)
0,0: (38,38,38,0.284596)  #26262649  srgba(38,38,38,0.284596)
0,0: (248,187,33,0.152239)  #F8BB2127  srgba(248,187,33,0.152239)
0,0: (74,194,98,0.837964)  #4AC262D6  srgba(74,194,98,0.837964)
0,0: (250,168,88,0.837964)  #FAA858D6  srgba(250,168,88,0.837964)
0,0: (186,213,242,0.407752)  #BAD5F268  srgba(186,213,242,0.407752)
0,0: (71,192,96,0.837964)  #47C060D6  srgba(71,192,96,0.837964)
0,0: (216,46,29,0.346685)  #D82E1D58  srgba(216,46,29,0.346685)
0,0: (85,200,90,0.837964)  #55C85AD6  srgba(85,200,90,0.837964)
0,0: (217,47,31,0.151675)  #D92F1F27  srgba(217,47,31,0.151675)
0,0: (201,201,201,0.151659)  #C9C9C927  srgba(201,201,201,0.151659)
0,0: (201,201,201,0.161379)  #C9C9C929  srgba(201,201,201,0.161379)
0,0: (218,46,28,0.161379)  #DA2E1C29  srgba(218,46,28,0.161379)
0,0: (214,78,62,0.570001)  #D64E3E91  srgba(214,78,62,0.570001)
0,0: (38,38,38,0.285176)  #26262649  srgba(38,38,38,0.285176)
0,0: (39,39,39,0.163378)  #2727272A  srgba(39,39,39,0.163378)
0,0: (38,38,38,0.263493)  #26262643  srgba(38,38,38,0.263493)
0,0: (147,172,196,0.837964)  #93ACC4D6  srgba(147,172,196,0.837964)
0,0: (42,42,42,0.213153)  #2A2A2A36  srgba(42,42,42,0.213153)
0,0: (57,152,224,0.67808)  #3998E0AD  srgba(57,152,224,0.67808)
0,0: (139,164,187,0.837964)  #8BA4BBD6  srgba(139,164,187,0.837964)
0,0: (138,164,187,0.837964)  #8AA4BBD6  srgba(138,164,187,0.837964)
0,0: (147,172,196,0.837964)  #93ACC4D6  srgba(147,172,196,0.837964)
0,0: (147,172,196,0.837964)  #93ACC4D6  srgba(147,172,196,0.837964)
0,0: (147,172,196,0.837964)  #93ACC4D6  srgba(147,172,196,0.837964)
0,0: (55,55,55,0.856825)  #373737DA  srgba(55,55,55,0.856825)
0,0: (227,227,227,0.856825)  #E3E3E3DA  srgba(227,227,227,0.856825)
0,0: (241,214,138,0.385168)  #F1D68A62  srgba(241,214,138,0.385168)
0,0: (215,46,29,0.335317)  #D72E1D56  srgba(215,46,29,0.335317)
0,0: (39,39,39,0.119738)  #2727271F  srgba(39,39,39,0.119738)
0,0: (231,179,34,0.227939)  #E7B3223A  srgba(231,179,34,0.227939)
0,0: (233,104,86,0.717113)  #E96856B7  srgba(233,104,86,0.717113)
0,0: (234,108,90,0.717113)  #EA6C5AB7  srgba(234,108,90,0.717113)
0,0: (144,167,184,0.854765)  #90A7B8DA  srgba(144,167,184,0.854765)
0,0: (207,174,152,0.705653)  #CFAE98B4  srgba(207,174,152,0.705653)
0,0: (186,179,175,0.663844)  #BAB3AFA9  srgba(186,179,175,0.663844)
0,0: (218,88,74,0.837964)  #DA584AD6  srgba(218,88,74,0.837964)
0,0: (219,96,82,0.837964)  #DB6052D6  srgba(219,96,82,0.837964)
0,0: (218,91,77,0.837964)  #DA5B4DD6  srgba(218,91,77,0.837964)
0,0: (64,139,231,0.837964)  #408BE7D6  srgba(64,139,231,0.837964)
0,0: (222,114,102,0.837964)  #DE7266D6  srgba(222,114,102,0.837964)
0,0: (214,91,81,0.837964)  #D65B51D6  srgba(214,91,81,0.837964)
0,0: (140,166,192,0.837964)  #8CA6C0D6  srgba(140,166,192,0.837964)
0,0: (144,168,190,0.837964)  #90A8BED6  srgba(144,168,190,0.837964)
0,0: (182,136,207,0.837964)  #B688CFD6  srgba(182,136,207,0.837964)
0,0: (147,172,196,0.837964)  #93ACC4D6  srgba(147,172,196,0.837964)
0,0: (143,168,193,0.841184)  #8FA8C1D7  srgba(143,168,193,0.841184)
0,0: (143,169,194,0.837964)  #8FA9C2D6  srgba(143,169,194,0.837964)
0,0: (214,89,79,0.837964)  #D6594FD6  srgba(214,89,79,0.837964)
0,0: (145,169,191,0.837964)  #91A9BFD6  srgba(145,169,191,0.837964)
0,0: (250,167,81,0.837964)  #FAA751D6  srgba(250,167,81,0.837964)
0,0: (234,71,28,0.601266)  #EA471C99  srgba(234,71,28,0.601266)
0,0: (161,86,24,0.600961)  #A1561899  srgba(161,86,24,0.600961)
0,0: (234,142,51,0.601282)  #EA8E3399  srgba(234,142,51,0.601282)
0,0: (175,129,167,0.601297)  #AF81A799  srgba(175,129,167,0.601297)
0,0: (178,129,153,0.601266)  #B2819999  srgba(178,129,153,0.601266)
0,0: (163,166,121,0.601297)  #A3A67999  srgba(163,166,121,0.601297)
0,0: (228,197,194,0.599695)  #E4C5C299  srgba(228,197,194,0.599695)
0,0: (193,185,190,0.600397)  #C1B9BE99  srgba(193,185,190,0.600397)
0,0: (172,132,176,0.601648)  #AC84B099  srgba(172,132,176,0.601648)
0,0: (188,135,151,0.603143)  #BC87979A  srgba(188,135,151,0.603143)
0,0: (142,168,193,0.837964)  #8EA8C1D6  srgba(142,168,193,0.837964)
0,0: (64,138,230,0.837964)  #408AE6D6  srgba(64,138,230,0.837964)
0,0: (250,172,100,0.837964)  #FAAC64D6  srgba(250,172,100,0.837964)
0,0: (82,196,104,0.837964)  #52C468D6  srgba(82,196,104,0.837964)
0,0: (225,112,97,0.841444)  #E17061D7  srgba(225,112,97,0.841444)
0,0: (120,99,200,0.837964)  #7863C8D6  srgba(120,99,200,0.837964)
0,0: (225,101,84,0.841444)  #E16554D7  srgba(225,101,84,0.841444)
0,0: (234,116,99,0.837964)  #EA7463D6  srgba(234,116,99,0.837964)
0,0: (250,169,94,0.837964)  #FAA95ED6  srgba(250,169,94,0.837964)
0,0: (250,168,88,0.837964)  #FAA858D6  srgba(250,168,88,0.837964)
0,0: (250,170,93,0.837964)  #FAAA5DD6  srgba(250,170,93,0.837964)
0,0: (232,117,164,0.837964)  #E875A4D6  srgba(232,117,164,0.837964)
0,0: (250,171,98,0.837964)  #FAAB62D6  srgba(250,171,98,0.837964)
0,0: (222,0,0,0.253147)  #DE000041  srgba(222,0,0,0.253147)
0,0: (221,159,86,0.720714)  #DD9F56B8  srgba(221,159,86,0.720714)
0,0: (29,106,230,0.370336)  #1D6AE65E  srgba(29,106,230,0.370336)
0,0: (190,208,213,0.87277)  #BED0D5DF  srgba(190,208,213,0.87277)
0,0: (212,71,104,0.291737)  #D447684A  srgba(212,71,104,0.291737)
0,0: (52,89,116,0.854765)  #345974DA  srgba(52,89,116,0.854765)
0,0: (168,139,131,0.85478)  #A88B83DA  srgba(168,139,131,0.85478)
0,0: (224,153,82,0.854765)  #E09952DA  srgba(224,153,82,0.854765)
0,0: (147,92,51,0.854765)  #935C33DA  srgba(147,92,51,0.854765)
0,0: (204,137,61,0.854765)  #CC893DDA  srgba(204,137,61,0.854765)
0,0: (128,175,179,0.854765)  #80AFB3DA  srgba(128,175,179,0.854765)
0,0: (99,65,118,0.87277)  #634176DF  srgba(99,65,118,0.87277)
0,0: (91,109,136,0.52549)  #5B6D8886  srgba(91,109,136,0.52549)
0,0: (181,110,74,0.87277)  #B56E4ADF  srgba(181,110,74,0.87277)
0,0: (85,97,135,0.854765)  #556187DA  srgba(85,97,135,0.854765)
0,0: (98,165,123,0.730022)  #62A57BBA  srgba(98,165,123,0.730022)
0,0: (66,153,153,0.730022)  #429999BA  srgba(66,153,153,0.730022)
0,0: (74,157,148,0.730022)  #4A9D94BA  srgba(74,157,148,0.730022)
0,0: (97,130,159,0.450462)  #61829F73  srgba(97,130,159,0.450462)
0,0: (77,80,94,0.714839)  #4D505EB6  srgba(77,80,94,0.714839)
0,0: (116,113,102,0.714839)  #747166B6  srgba(116,113,102,0.714839)
0,0: (160,152,109,0.714839)  #A0986DB6  srgba(160,152,109,0.714839)
0,0: (209,196,125,0.714839)  #D1C47DB6  srgba(209,196,125,0.714839)
0,0: (244,228,138,0.714839)  #F4E48AB6  srgba(244,228,138,0.714839)
0,0: (210,200,133,0.714839)  #D2C885B6  srgba(210,200,133,0.714839)
0,0: (162,157,125,0.714839)  #A29D7DB6  srgba(162,157,125,0.714839)
0,0: (110,110,104,0.714839)  #6E6E68B6  srgba(110,110,104,0.714839)
0,0: (246,214,93,0.306752)  #F6D65D4E  srgba(246,214,93,0.306752)
0,0: (103,106,122,0.714839)  #676A7AB6  srgba(103,106,122,0.714839)
0,0: (234,210,102,0.353094)  #EAD2665A  srgba(234,210,102,0.353094)
0,0: (234,210,102,0.353079)  #EAD2665A  srgba(234,210,102,0.353079)
0,0: (238,215,100,0.714839)  #EED764B6  srgba(238,215,100,0.714839)
0,0: (238,176,49,0.668544)  #EEB031AA  srgba(238,176,49,0.668544)
0,0: (244,213,119,0.401343)  #F4D57766  srgba(244,213,119,0.401343)
0,0: (88,126,138,0.854765)  #587E8ADA  srgba(88,126,138,0.854765)
0,0: (146,80,49,0.66125)  #925031A9  srgba(146,80,49,0.66125)
0,0: (61,164,33,0.141619)  #3DA42124  srgba(61,164,33,0.141619)
0,0: (106,122,18,0.392325)  #6A7A1264  srgba(106,122,18,0.392325)
0,0: (117,136,24,0.617639)  #7588189D  srgba(117,136,24,0.617639)
0,0: (73,126,46,0.266178)  #497E2E44  srgba(73,126,46,0.266178)
0,0: (80,147,54,0.482246)  #5093367B  srgba(80,147,54,0.482246)
0,0: (131,99,109,0.488991)  #83636D7D  srgba(131,99,109,0.488991)
0,0: (216,157,172,0.681331)  #D89DACAE  srgba(216,157,172,0.681331)
0,0: (166,65,27,0.434867)  #A6411B6F  srgba(166,65,27,0.434867)
0,0: (216,98,113,0.769131)  #D86271C4  srgba(216,98,113,0.769131)
0,0: (174,140,28,0.511376)  #AE8C1C82  srgba(174,140,28,0.511376)
0,0: (209,167,41,0.601495)  #D1A72999  srgba(209,167,41,0.601495)
0,0: (179,176,99,0.508507)  #B3B06382  srgba(179,176,99,0.508507)
0,0: (119,143,53,0.227161)  #778F353A  srgba(119,143,53,0.227161)
0,0: (103,141,66,0.373526)  #678D425F  srgba(103,141,66,0.373526)
0,0: (75,183,51,0.587121)  #4BB73396  srgba(75,183,51,0.587121)
0,0: (220,105,69,0.378286)  #DC694560  srgba(220,105,69,0.378286)
0,0: (193,128,31,0.3888)  #C1801F63  srgba(193,128,31,0.3888)
0,0: (114,164,48,0.390188)  #72A43063  srgba(114,164,48,0.390188)
0,0: (201,118,92,0.578042)  #C9765C93  srgba(201,118,92,0.578042)
0,0: (207,105,59,0.674449)  #CF693BAC  srgba(207,105,59,0.674449)
0,0: (136,97,135,0.445335)  #88618772  srgba(136,97,135,0.445335)
0,0: (194,79,183,0.500267)  #C24FB780  srgba(194,79,183,0.500267)
0,0: (189,184,125,0.607706)  #BDB87D9B  srgba(189,184,125,0.607706)
0,0: (217,126,120,0.488594)  #D97E787D  srgba(217,126,120,0.488594)
0,0: (223,143,57,0.670527)  #DF8F39AB  srgba(223,143,57,0.670527)
0,0: (223,204,57,0.581582)  #DFCC3994  srgba(223,204,57,0.581582)
0,0: (198,175,95,0.444282)  #C6AF5F71  srgba(198,175,95,0.444282)
0,0: (132,128,25,0.389868)  #84801963  srgba(132,128,25,0.389868)
0,0: (197,76,64,0.694713)  #C54C40B1  srgba(197,76,64,0.694713)
0,0: (131,163,69,0.708171)  #83A345B5  srgba(131,163,69,0.708171)
0,0: (193,202,84,0.605875)  #C1CA549A  srgba(193,202,84,0.605875)
0,0: (209,121,95,0.700618)  #D1795FB3  srgba(209,121,95,0.700618)
0,0: (153,61,57,0.54612)  #993D398B  srgba(153,61,57,0.54612)
0,0: (179,83,57,0.545418)  #B353398B  srgba(179,83,57,0.545418)
0,0: (188,125,60,0.679271)  #BC7D3CAD  srgba(188,125,60,0.679271)
0,0: (196,123,67,0.418082)  #C47B436B  srgba(196,123,67,0.418082)
0,0: (192,125,71,0.492409)  #C07D477E  srgba(192,125,71,0.492409)
0,0: (172,118,82,0.365103)  #AC76525D  srgba(172,118,82,0.365103)
0,0: (149,93,36,0.685817)  #955D24AF  srgba(149,93,36,0.685817)
0,0: (164,165,154,0.581567)  #A4A59A94  srgba(164,165,154,0.581567)
0,0: (205,205,205,0.655024)  #CDCDCDA7  srgba(205,205,205,0.655024)
0,0: (181,158,141,0.484504)  #B59E8D7C  srgba(181,158,141,0.484504)
0,0: (180,160,129,0.627832)  #B4A081A0  srgba(180,160,129,0.627832)
0,0: (199,159,114,0.552056)  #C79F728D  srgba(199,159,114,0.552056)
0,0: (210,175,117,0.658427)  #D2AF75A8  srgba(210,175,117,0.658427)
0,0: (214,132,54,0.662104)  #D68436A9  srgba(214,132,54,0.662104)
0,0: (157,114,85,0.555825)  #9D72558E  srgba(157,114,85,0.555825)
0,0: (186,171,151,0.348272)  #BAAB9759  srgba(186,171,151,0.348272)
0,0: (146,122,97,0.373007)  #927A615F  srgba(146,122,97,0.373007)
0,0: (192,80,65,0.582162)  #C0504194  srgba(192,80,65,0.582162)
0,0: (212,135,83,0.588403)  #D4875396  srgba(212,135,83,0.588403)
0,0: (237,216,227,0.667857)  #EDD8E3AA  srgba(237,216,227,0.667857)
0,0: (220,194,131,0.430579)  #DCC2836E  srgba(220,194,131,0.430579)
0,0: (202,157,166,0.57969)  #CA9DA694  srgba(202,157,166,0.57969)
0,0: (204,195,182,0.591043)  #CCC3B697  srgba(204,195,182,0.591043)
0,0: (102,59,23,0.560327)  #663B178F  srgba(102,59,23,0.560327)
0,0: (180,141,92,0.675853)  #B48D5CAC  srgba(180,141,92,0.675853)
0,0: (163,101,86,0.416968)  #A365566A  srgba(163,101,86,0.416968)
0,0: (152,170,173,0.29015)  #98AAAD4A  srgba(152,170,173,0.29015)
0,0: (161,136,102,0.457572)  #A1886675  srgba(161,136,102,0.457572)
0,0: (183,153,106,0.530404)  #B7996A87  srgba(183,153,106,0.530404)
0,0: (218,159,50,0.655009)  #DA9F32A7  srgba(218,159,50,0.655009)
0,0: (213,181,162,0.595209)  #D5B5A298  srgba(213,181,162,0.595209)
0,0: (147,113,100,0.73753)  #937164BC  srgba(147,113,100,0.73753)
0,0: (186,185,173,0.508782)  #BAB9AD82  srgba(186,185,173,0.508782)
0,0: (103,98,79,0.599588)  #67624F99  srgba(103,98,79,0.599588)
0,0: (162,165,171,0.311666)  #A2A5AB4F  srgba(162,165,171,0.311666)
0,0: (177,175,150,0.690471)  #B1AF96B0  srgba(177,175,150,0.690471)
0,0: (200,180,124,0.476814)  #C8B47C7A  srgba(200,180,124,0.476814)
0,0: (150,87,94,0.34696)  #96575E58  srgba(150,87,94,0.34696)
0,0: (194,195,176,0.189624)  #C2C3B030  srgba(194,195,176,0.189624)
0,0: (195,150,87,0.416281)  #C396576A  srgba(195,150,87,0.416281)
0,0: (209,171,116,0.61886)  #D1AB749E  srgba(209,171,116,0.61886)
0,0: (213,173,109,0.640497)  #D5AD6DA3  srgba(213,173,109,0.640497)
0,0: (211,222,213,0.404578)  #D3DED567  srgba(211,222,213,0.404578)
0,0: (208,81,150,0.56112)  #D051968F  srgba(208,81,150,0.56112)
0,0: (198,126,64,0.64303)  #C67E40A4  srgba(198,126,64,0.64303)
0,0: (211,199,194,0.70103)  #D3C7C2B3  srgba(211,199,194,0.70103)
0,0: (206,129,27,0.668315)  #CE811BAA  srgba(206,129,27,0.668315)
0,0: (119,139,37,0.405966)  #778B2568  srgba(119,139,37,0.405966)
0,0: (186,131,117,0.745769)  #BA8375BE  srgba(186,131,117,0.745769)
0,0: (101,135,136,0.854765)  #658788DA  srgba(101,135,136,0.854765)
0,0: (91,121,137,0.854765)  #5B7989DA  srgba(91,121,137,0.854765)
0,0: (210,64,77,0.247288)  #D2404D3F  srgba(210,64,77,0.247288)
0,0: (167,113,84,0.384436)  #A7715462  srgba(167,113,84,0.384436)
0,0: (158,123,97,0.326101)  #9E7B6153  srgba(158,123,97,0.326101)
0,0: (123,86,39,0.321157)  #7B562752  srgba(123,86,39,0.321157)
0,0: (202,183,180,0.348409)  #CAB7B459  srgba(202,183,180,0.348409)
0,0: (129,147,110,0.400534)  #81936E66  srgba(129,147,110,0.400534)
0,0: (124,81,81,0.747097)  #7C5151BF  srgba(124,81,81,0.747097)
0,0: (146,134,144,0.441108)  #92869070  srgba(146,134,144,0.441108)
0,0: (155,186,205,0.275578)  #9BBACD46  srgba(155,186,205,0.275578)
0,0: (124,146,153,0.854765)  #7C9299DA  srgba(124,146,153,0.854765)
0,0: (155,40,54,0.700099)  #9B2836B3  srgba(155,40,54,0.700099)
0,0: (69,63,57,0.576516)  #453F3993  srgba(69,63,57,0.576516)
0,0: (57.6684%,70.1671%,76.8246%,0.87776)  #93A1B3A0C4ABE0B4  srgba(57.6684%,70.1671%,76.8246%,0.87776)
0,0: (155,166,196,0.854765)  #9BA6C4DA  srgba(155,166,196,0.854765)
0,0: (179,172,178,0.854765)  #B3ACB2DA  srgba(179,172,178,0.854765)
0,0: (119,131,148,0.241154)  #7783943D  srgba(119,131,148,0.241154)
0,0: (69,70,70,0.320165)  #45464652  srgba(69,70,70,0.320165)
0,0: (43,43,44,0.555764)  #2B2B2C8E  srgba(43,43,44,0.555764)
0,0: (157,179,200,0.837964)  #9DB3C8D6  srgba(157,179,200,0.837964)
0,0: (134,134,134,0.37319)  #8686865F  srgba(134,134,134,0.37319)
0,0: (186,147,90,0.667216)  #BA935AAA  srgba(186,147,90,0.667216)
0,0: (83,79,60,0.608408)  #534F3C9B  srgba(83,79,60,0.608408)
0,0: (198,136,129,0.528054)  #C6888187  srgba(198,136,129,0.528054)
0,0: (177,172,106,0.532845)  #B1AC6A88  srgba(177,172,106,0.532845)
0,0: (111,126,120,0.656199)  #6F7E78A7  srgba(111,126,120,0.656199)
0,0: (154,128,105,0.514321)  #9A806983  srgba(154,128,105,0.514321)
0,0: (67,67,67,0.524346)  #43434386  srgba(67,67,67,0.524346)
0,0: (200,118,123,0.744884)  #C8767BBE  srgba(200,118,123,0.744884)
0,0: (110,92,94,0.78613)  #6E5C5EC8  srgba(110,92,94,0.78613)
0,0: (77,77,77,0.689281)  #4D4D4DB0  srgba(77,77,77,0.689281)
0,0: (198,196,196,0.641444)  #C6C4C4A4  srgba(198,196,196,0.641444)
0,0: (112,108,108,0.548547)  #706C6C8C  srgba(112,108,108,0.548547)
0,0: (50.0282%,30.3868%,30.4585%,0.668727)  #80124DCA4DF9AB31  srgba(50.0282%,30.3868%,30.4585%,0.668727)
0,0: (130,128,205,0.32372)  #8280CD53  srgba(130,128,205,0.32372)
0,0: (25,25,25,0.204746)  #19191934  srgba(25,25,25,0.204746)
0,0: (183,146,58,0.260075)  #B7923A42  srgba(183,146,58,0.260075)
0,0: (174,104,47,0.297887)  #AE682F4C  srgba(174,104,47,0.297887)
0,0: (145,145,147,0.877958)  #919193E0  srgba(145,145,147,0.877958)
0,0: (175,146,52,0.239673)  #AF92343D  srgba(175,146,52,0.239673)
0,0: (160,96,58,0.308751)  #A0603A4F  srgba(160,96,58,0.308751)
0,0: (28,28,28,0.326406)  #1C1C1C53  srgba(28,28,28,0.326406)
0,0: (90,188,233,0.65716)  #5ABCE9A8  srgba(90,188,233,0.65716)
0,0: (169,206,71,0.722103)  #A9CE47B8  srgba(169,206,71,0.722103)
0,0: (31,207,170,0.252659)  #1FCFAA40  srgba(31,207,170,0.252659)
0,0: (163,81,31,0.722042)  #A3511FB8  srgba(163,81,31,0.722042)
0,0: (122,122,122,0.478523)  #7A7A7A7A  srgba(122,122,122,0.478523)
0,0: (194,187,174,0.669078)  #C2BBAEAB  srgba(194,187,174,0.669078)
0,0: (90,76,92,0.265965)  #5A4C5C44  srgba(90,76,92,0.265965)
0,0: (82,143,123,0.579492)  #528F7B94  srgba(82,143,123,0.579492)
0,0: (165,129,68,0.467796)  #A5814477  srgba(165,129,68,0.467796)
0,0: (94,87,63,0.407111)  #5E573F68  srgba(94,87,63,0.407111)
0,0: (136,92,89,0.675669)  #885C59AC  srgba(136,92,89,0.675669)
0,0: (196,134,54,0.730556)  #C48636BA  srgba(196,134,54,0.730556)
0,0: (78,176,174,0.624292)  #4EB0AE9F  srgba(78,176,174,0.624292)
0,0: (171,166,143,0.480476)  #ABA68F7B  srgba(171,166,143,0.480476)
0,0: (131,140,92,0.620554)  #838C5C9E  srgba(131,140,92,0.620554)
0,0: (160,171,181,0.857191)  #A0ABB5DB  srgba(160,171,181,0.857191)
0,0: (175,164,148,0.713481)  #AFA494B6  srgba(175,164,148,0.713481)
0,0: (161,150,139,0.692073)  #A1968BB0  srgba(161,150,139,0.692073)
0,0: (170,158,158,0.754406)  #AA9E9EC0  srgba(170,158,158,0.754406)
0,0: (124,149,154,0.736461)  #7C959ABC  srgba(124,149,154,0.736461)
0,0: (83,141,184,0.837964)  #538DB8D6  srgba(83,141,184,0.837964)
0,0: (156,134,130,0.72871)  #9C8682BA  srgba(156,134,130,0.72871)
0,0: (168,124,150,0.768658)  #A87C96C4  srgba(168,124,150,0.768658)
0,0: (98,126,139,0.655299)  #627E8BA7  srgba(98,126,139,0.655299)
0,0: (178,176,110,0.737972)  #B2B06EBC  srgba(178,176,110,0.737972)
0,0: (147,155,165,0.828611)  #939BA5D3  srgba(147,155,165,0.828611)
0,0: (177,165,165,0.854765)  #B1A5A5DA  srgba(177,165,165,0.854765)
0,0: (176,79,47,0.544762)  #B04F2F8B  srgba(176,79,47,0.544762)
0,0: (159,184,180,0.854765)  #9FB8B4DA  srgba(159,184,180,0.854765)
0,0: (174,148,145,0.854765)  #AE9491DA  srgba(174,148,145,0.854765)
0,0: (155,145,141,0.458549)  #9B918D75  srgba(155,145,141,0.458549)
0,0: (231,223,222,0.318822)  #E7DFDE51  srgba(231,223,222,0.318822)
0,0: (183,127,69,0.445945)  #B77F4572  srgba(183,127,69,0.445945)
0,0: (83,74,75,0.385672)  #534A4B62  srgba(83,74,75,0.385672)
0,0: (144,137,134,0.38117)  #90898661  srgba(144,137,134,0.38117)
0,0: (178,125,59,0.396399)  #B27D3B65  srgba(178,125,59,0.396399)
0,0: (179,145,96,0.35697)  #B391605B  srgba(179,145,96,0.35697)
0,0: (230,224,223,0.362463)  #E6E0DF5C  srgba(230,224,223,0.362463)
0,0: (216,188,162,0.370489)  #D8BCA25E  srgba(216,188,162,0.370489)
0,0: (76,134,87,0.497459)  #4C86577F  srgba(76,134,87,0.497459)
0,0: (101,137,95,0.535836)  #65895F89  srgba(101,137,95,0.535836)
0,0: (140,159,182,0.444038)  #8C9FB671  srgba(140,159,182,0.444038)
0,0: (160,121,74,0.583856)  #A0794A95  srgba(160,121,74,0.583856)
0,0: (1,137,61,0.503441)  #01893D80  srgba(1,137,61,0.503441)
0,0: (87,83,27,0.342107)  #57531B57  srgba(87,83,27,0.342107)
0,0: (219,213,185,0.499382)  #DBD5B97F  srgba(219,213,185,0.499382)
0,0: (223,222,205,0.360021)  #DFDECD5C  srgba(223,222,205,0.360021)
0,0: (200,185,155,0.498054)  #C8B99B7F  srgba(200,185,155,0.498054)
0,0: (129,106,69,0.458366)  #816A4575  srgba(129,106,69,0.458366)
0,0: (222,205,199,0.446998)  #DECDC772  srgba(222,205,199,0.446998)
0,0: (209,181,163,0.569589)  #D1B5A391  srgba(209,181,163,0.569589)
0,0: (212,174,115,0.415137)  #D4AE736A  srgba(212,174,115,0.415137)
0,0: (225,184,152,0.420737)  #E1B8986B  srgba(225,184,152,0.420737)
0,0: (99,83,69,0.590539)  #63534597  srgba(99,83,69,0.590539)
0,0: (161,148,152,0.489982)  #A194987D  srgba(161,148,152,0.489982)
0,0: (159,80,86,0.648157)  #9F5056A5  srgba(159,80,86,0.648157)
0,0: (196,182,180,0.556222)  #C4B6B48E  srgba(196,182,180,0.556222)
0,0: (127,129,42,0.381277)  #7F812A61  srgba(127,129,42,0.381277)
0,0: (44,44,42,0.230808)  #2C2C2A3B  srgba(44,44,42,0.230808)
0,0: (148,135,83,0.574105)  #94875392  srgba(148,135,83,0.574105)
0,0: (130,67,37,0.526558)  #82432586  srgba(130,67,37,0.526558)
0,0: (120,155,188,0.463706)  #789BBC76  srgba(120,155,188,0.463706)
0,0: (150,183,115,0.558099)  #96B7738E  srgba(150,183,115,0.558099)
0,0: (152,130,102,0.373358)  #9882665F  srgba(152,130,102,0.373358)
0,0: (81,135,66,0.462364)  #51874276  srgba(81,135,66,0.462364)
0,0: (190,172,114,0.611231)  #BEAC729C  srgba(190,172,114,0.611231)
0,0: (228,188,67,0.559411)  #E4BC438F  srgba(228,188,67,0.559411)
0,0: (190,152,43,0.536049)  #BE982B89  srgba(190,152,43,0.536049)
0,0: (137,149,145,0.567987)  #89959191  srgba(137,149,145,0.567987)
0,0: (118,120,109,0.56672)  #76786D91  srgba(118,120,109,0.56672)
0,0: (146,132,129,0.673198)  #928481AC  srgba(146,132,129,0.673198)
0,0: (158,150,143,0.506874)  #9E968F81  srgba(158,150,143,0.506874)
0,0: (203,160,100,0.346761)  #CBA06458  srgba(203,160,100,0.346761)
0,0: (182,147,95,0.382803)  #B6935F62  srgba(182,147,95,0.382803)
0,0: (25,146,155,0.412848)  #19929B69  srgba(25,146,155,0.412848)
0,0: (184,171,175,0.654841)  #B8ABAFA7  srgba(184,171,175,0.654841)
0,0: (176,156,142,0.637186)  #B09C8EA2  srgba(176,156,142,0.637186)
0,0: (189,155,58,0.642863)  #BD9B3AA4  srgba(189,155,58,0.642863)
0,0: (159,148,150,0.580011)  #9F949694  srgba(159,148,150,0.580011)
0,0: (215,179,73,0.622995)  #D7B3499F  srgba(215,179,73,0.622995)
0,0: (81,134,82,0.488457)  #5186527D  srgba(81,134,82,0.488457)
0,0: (66,140,174,0.465949)  #428CAE77  srgba(66,140,174,0.465949)
0,0: (124,107,66,0.583703)  #7C6B4295  srgba(124,107,66,0.583703)
0,0: (159,134,96,0.636072)  #9F8660A2  srgba(159,134,96,0.636072)
0,0: (181,165,147,0.650599)  #B5A593A6  srgba(181,165,147,0.650599)
0,0: (214,161,171,0.64918)  #D6A1ABA6  srgba(214,161,171,0.64918)
0,0: (23,132,60,0.591119)  #17843C97  srgba(23,132,60,0.591119)
0,0: (208,163,143,0.719097)  #D0A38FB7  srgba(208,163,143,0.719097)
0,0: (145,123,64,0.565637)  #917B4090  srgba(145,123,64,0.565637)
0,0: (166,129,61,0.674922)  #A6813DAC  srgba(166,129,61,0.674922)
0,0: (153,152,152,0.699153)  #999898B2  srgba(153,152,152,0.699153)
0,0: (193,121,139,0.607584)  #C1798B9B  srgba(193,121,139,0.607584)
0,0: (199,35,39,0.228824)  #C723273A  srgba(199,35,39,0.228824)
0,0: (174,173,168,0.504128)  #AEADA881  srgba(174,173,168,0.504128)
0,0: (221,181,147,0.435615)  #DDB5936F  srgba(221,181,147,0.435615)
0,0: (223,184,148,0.377844)  #DFB89460  srgba(223,184,148,0.377844)
0,0: (168,69,90,0.399496)  #A8455A66  srgba(168,69,90,0.399496)
0,0: (186,120,136,0.523705)  #BA788886  srgba(186,120,136,0.523705)
0,0: (218,186,153,0.318502)  #DABA9951  srgba(218,186,153,0.318502)
0,0: (218,186,153,0.318898)  #DABA9951  srgba(218,186,153,0.318898)
0,0: (217,185,152,0.320348)  #D9B99852  srgba(217,185,152,0.320348)
0,0: (217,185,152,0.320348)  #D9B99852  srgba(217,185,152,0.320348)
0,0: (217,179,145,0.574304)  #D9B39192  srgba(217,179,145,0.574304)
0,0: (213,183,151,0.453559)  #D5B79774  srgba(213,183,151,0.453559)
0,0: (213,175,141,0.380392)  #D5AF8D61  srgba(213,175,141,0.380392)
0,0: (217,177,142,0.507378)  #D9B18E81  srgba(217,177,142,0.507378)
0,0: (219,180,146,0.508248)  #DBB49282  srgba(219,180,146,0.508248)
0,0: (218,179,142,0.595224)  #DAB38E98  srgba(218,179,142,0.595224)
0,0: (218,186,153,0.388663)  #DABA9963  srgba(218,186,153,0.388663)
0,0: (208,166,72,0.624308)  #D0A6489F  srgba(208,166,72,0.624308)
0,0: (142,147,82,0.715694)  #8E9352B7  srgba(142,147,82,0.715694)
0,0: (107,114,120,0.340612)  #6B727857  srgba(107,114,120,0.340612)
0,0: (126,152,174,0.807996)  #7E98AECE  srgba(126,152,174,0.807996)
0,0: (108,133,167,0.601099)  #6C85A799  srgba(108,133,167,0.601099)
0,0: (61,74,134,0.427726)  #3D4A866D  srgba(61,74,134,0.427726)
0,0: (15,158,145,0.431281)  #0F9E916E  srgba(15,158,145,0.431281)
0,0: (194,129,42,0.588449)  #C2812A96  srgba(194,129,42,0.588449)
0,0: (218,75,144,0.271199)  #DA4B9045  srgba(218,75,144,0.271199)
0,0: (166,106,143,0.551751)  #A66A8F8D  srgba(166,106,143,0.551751)
0,0: (211,124,161,0.639902)  #D37CA1A3  srgba(211,124,161,0.639902)
0,0: (141,103,70,0.56231)  #8D67468F  srgba(141,103,70,0.56231)
0,0: (219,176,115,0.593545)  #DBB07397  srgba(219,176,115,0.593545)
0,0: (87,59,50,0.463813)  #573B3276  srgba(87,59,50,0.463813)
0,0: (182,181,181,0.478523)  #B6B5B57A  srgba(182,181,181,0.478523)
0,0: (168,55,44,0.432807)  #A8372C6E  srgba(168,55,44,0.432807)
0,0: (195,174,134,0.291432)  #C3AE864A  srgba(195,174,134,0.291432)
0,0: (150,121,67,0.324392)  #96794353  srgba(150,121,67,0.324392)
0,0: (177,27,31,0.177569)  #B11B1F2D  srgba(177,27,31,0.177569)
0,0: (89,111,137,0.391394)  #596F8964  srgba(89,111,137,0.391394)
0,0: (78,99,124,0.582498)  #4E637C95  srgba(78,99,124,0.582498)
0,0: (145,111,90,0.706432)  #916F5AB4  srgba(145,111,90,0.706432)
0,0: (132,98,79,0.744823)  #84624FBE  srgba(132,98,79,0.744823)
0,0: (137,116,97,0.685969)  #897461AF  srgba(137,116,97,0.685969)
0,0: (159,104,81,0.839002)  #9F6851D6  srgba(159,104,81,0.839002)
0,0: (135,96,93,0.806806)  #87605DCE  srgba(135,96,93,0.806806)
0,0: (134,90,91,0.612619)  #865A5B9C  srgba(134,90,91,0.612619)
0,0: (126,105,94,0.604791)  #7E695E9A  srgba(126,105,94,0.604791)
0,0: (184,114,113,0.625345)  #B872719F  srgba(184,114,113,0.625345)
0,0: (122,128,128,0.770886)  #7A8080C5  srgba(122,128,128,0.770886)
0,0: (144,116,81,0.591485)  #90745197  srgba(144,116,81,0.591485)
0,0: (163,133,121,0.856413)  #A38579DA  srgba(163,133,121,0.856413)
0,0: (191,160,112,0.685939)  #BFA070AF  srgba(191,160,112,0.685939)
0,0: (148,122,87,0.632258)  #947A57A1  srgba(148,122,87,0.632258)
0,0: (174,139,122,0.71104)  #AE8B7AB5  srgba(174,139,122,0.71104)
0,0: (200,167,140,0.671046)  #C8A78CAB  srgba(200,167,140,0.671046)
0,0: (175,154,139,0.718502)  #AF9A8BB7  srgba(175,154,139,0.718502)
0,0: (203,167,138,0.584543)  #CBA78A95  srgba(203,167,138,0.584543)
0,0: (184,175,70,0.677134)  #B8AF46AD  srgba(184,175,70,0.677134)
0,0: (186,153,94,0.844495)  #BA995ED7  srgba(186,153,94,0.844495)
0,0: (145,64,47,0.643977)  #91402FA4  srgba(145,64,47,0.643977)
0,0: (172,71,56,0.581369)  #AC473894  srgba(172,71,56,0.581369)
0,0: (181,173,175,0.677287)  #B5ADAFAD  srgba(181,173,175,0.677287)
0,0: (165,161,147,0.632792)  #A5A193A1  srgba(165,161,147,0.632792)
0,0: (126,140,140,0.645838)  #7E8C8CA5  srgba(126,140,140,0.645838)
0,0: (114,93,141,0.616388)  #725D8D9D  srgba(114,93,141,0.616388)
0,0: (142,82,157,0.741939)  #8E529DBD  srgba(142,82,157,0.741939)
0,0: (143,143,143,0.591318)  #8F8F8F97  srgba(143,143,143,0.591318)
0,0: (164,105,98,0.727306)  #A46962B9  srgba(164,105,98,0.727306)
0,0: (78,69,58,0.698161)  #4E453AB2  srgba(78,69,58,0.698161)
0,0: (169,44,31,0.34316)  #A92C1F58  srgba(169,44,31,0.34316)
0,0: (214,130,107,0.502312)  #D6826B80  srgba(214,130,107,0.502312)
0,0: (213,152,159,0.477272)  #D5989F7A  srgba(213,152,159,0.477272)
0,0: (172,117,105,0.683909)  #AC7569AE  srgba(172,117,105,0.683909)
0,0: (154,99,89,0.680308)  #9A6359AD  srgba(154,99,89,0.680308)
0,0: (161,135,164,0.474861)  #A187A479  srgba(161,135,164,0.474861)
0,0: (169,107,103,0.209674)  #A96B6735  srgba(169,107,103,0.209674)
0,0: (207,137,52,0.570092)  #CF893491  srgba(207,137,52,0.570092)
0,0: (210,21,65,0.408545)  #D2154168  srgba(210,21,65,0.408545)
0,0: (223,178,170,0.622477)  #DFB2AA9F  srgba(223,178,170,0.622477)
0,0: (127,151,154,0.335073)  #7F979A55  srgba(127,151,154,0.335073)
0,0: (150,210,244,0.518608)  #96D2F484  srgba(150,210,244,0.518608)
0,0: (168,105,109,0.817578)  #A8696DD0  srgba(168,105,109,0.817578)
0,0: (159,126,96,0.477516)  #9F7E607A  srgba(159,126,96,0.477516)
0,0: (179,106,131,0.741375)  #B36A83BD  srgba(179,106,131,0.741375)
0,0: (164,125,132,0.660533)  #A47D84A8  srgba(164,125,132,0.660533)
0,0: (233,94,168,0.365179)  #E95EA85D  srgba(233,94,168,0.365179)
0,0: (205,66,49,0.549813)  #CD42318C  srgba(205,66,49,0.549813)
0,0: (236,97,177,0.32752)  #EC61B154  srgba(236,97,177,0.32752)
0,0: (239,101,152,0.619181)  #EF65989E  srgba(239,101,152,0.619181)
0,0: (226,91,168,0.490471)  #E25BA87D  srgba(226,91,168,0.490471)
0,0: (192,106,192,0.586389)  #C06AC096  srgba(192,106,192,0.586389)
0,0: (60,143,239,0.570001)  #3C8FEF91  srgba(60,143,239,0.570001)
0,0: (105,210,85,0.574563)  #69D25593  srgba(105,210,85,0.574563)
0,0: (248,213,97,0.570001)  #F8D56191  srgba(248,213,97,0.570001)
0,0: (191,110,239,0.570001)  #BF6EEF91  srgba(191,110,239,0.570001)
0,0: (218,127,124,0.611582)  #DA7F7C9C  srgba(218,127,124,0.611582)
0,0: (234,96,173,0.525475)  #EA60AD86  srgba(234,96,173,0.525475)
0,0: (230,138,214,0.837964)  #E68AD6D6  srgba(230,138,214,0.837964)
0,0: (118,187,215,0.571984)  #76BBD792  srgba(118,187,215,0.571984)
0,0: (223,214,187,0.345006)  #DFD6BB58  srgba(223,214,187,0.345006)
0,0: (207,46,30,0.285618)  #CF2E1E49  srgba(207,46,30,0.285618)
0,0: (95,96,104,0.523217)  #5F606885  srgba(95,96,104,0.523217)
0,0: (1,53,143,0.188174)  #01358F30  srgba(1,53,143,0.188174)
0,0: (247,133,77,0.371527)  #F7854D5F  srgba(247,133,77,0.371527)
0,0: (99,187,236,0.363638)  #63BBEC5D  srgba(99,187,236,0.363638)
0,0: (113,193,235,0.348974)  #71C1EB59  srgba(113,193,235,0.348974)
0,0: (185,202,229,0.563607)  #B9CAE590  srgba(185,202,229,0.563607)
0,0: (141,105,73,0.514351)  #8D694983  srgba(141,105,73,0.514351)
0,0: (223,182,145,0.430823)  #DFB6916E  srgba(223,182,145,0.430823)
0,0: (221,198,115,0.133898)  #DDC67322  srgba(221,198,115,0.133898)
0,0: (215,215,215,0.68574)  #D7D7D7AF  srgba(215,215,215,0.68574)
0,0: (234,234,234,0.634928)  #EAEAEAA2  srgba(234,234,234,0.634928)
0,0: (209,46,27,0.15462)  #D12E1B27  srgba(209,46,27,0.15462)
0,0: (197,0,0,0.289876)  #C500004A  srgba(197,0,0,0.289876)
0,0: (182,157,87,0.524178)  #B69D5786  srgba(182,157,87,0.524178)
0,0: (47,47,47,0.274083)  #2F2F2F46  srgba(47,47,47,0.274083)
0,0: (23,23,23,0.224338)  #17171739  srgba(23,23,23,0.224338)
0,0: (181,174,147,0.650874)  #B5AE93A6  srgba(181,174,147,0.650874)
0,0: (171,158,135,0.610285)  #AB9E879C  srgba(171,158,135,0.610285)
0,0: (175,168,143,0.610285)  #AFA88F9C  srgba(175,168,143,0.610285)
0,0: (180,187,164,0.6103)  #B4BBA49C  srgba(180,187,164,0.6103)
0,0: (183,172,171,0.609979)  #B7ACAB9C  srgba(183,172,171,0.609979)
0,0: (195,191,163,0.60209)  #C3BFA39A  srgba(195,191,163,0.60209)
0,0: (60,191,86,0.837964)  #3CBF56D6  srgba(60,191,86,0.837964)
0,0: (113,123,154,0.546487)  #717B9A8B  srgba(113,123,154,0.546487)
0,0: (120,165,207,0.760876)  #78A5CFC2  srgba(120,165,207,0.760876)
0,0: (110,92,89,0.665843)  #6E5C59AA  srgba(110,92,89,0.665843)
0,0: (158,154,135,0.83122)  #9E9A87D4  srgba(158,154,135,0.83122)
0,0: (147,151,156,0.849226)  #93979CD9  srgba(147,151,156,0.849226)
0,0: (216,217,212,0.678096)  #D8D9D4AD  srgba(216,217,212,0.678096)
0,0: (226,213,171,0.678096)  #E2D5ABAD  srgba(226,213,171,0.678096)
0,0: (177,185,193,0.711559)  #B1B9C1B5  srgba(177,185,193,0.711559)
0,0: (165,174,182,0.712566)  #A5AEB6B6  srgba(165,174,182,0.712566)
0,0: (217,217,217,0.730556)  #D9D9D9BA  srgba(217,217,217,0.730556)
0,0: (223,223,223,0.681025)  #DFDFDFAE  srgba(223,223,223,0.681025)
0,0: (193,160,160,0.859831)  #C1A0A0DB  srgba(193,160,160,0.859831)
0,0: (163,134,134,0.72958)  #A38686BA  srgba(163,134,134,0.72958)
0,0: (175,175,174,0.773617)  #AFAFAEC5  srgba(175,175,174,0.773617)
0,0: (220,212,213,0.797116)  #DCD4D5CB  srgba(220,212,213,0.797116)
0,0: (210,215,227,0.797116)  #D2D7E3CB  srgba(210,215,227,0.797116)
0,0: (191,197,201,0.797116)  #BFC5C9CB  srgba(191,197,201,0.797116)
0,0: (214,200,184,0.791943)  #D6C8B8CA  srgba(214,200,184,0.791943)
0,0: (164,45,33,0.315831)  #A42D2151  srgba(164,45,33,0.315831)
0,0: (187,66,62,0.214466)  #BB423E37  srgba(187,66,62,0.214466)
0,0: (147,147,147,0.186908)  #93939330  srgba(147,147,147,0.186908)
0,0: (132,145,168,0.402426)  #8491A867  srgba(132,145,168,0.402426)
0,0: (144,154,176,0.363943)  #909AB05D  srgba(144,154,176,0.363943)
0,0: (218,221,224,0.684794)  #DADDE0AF  srgba(218,221,224,0.684794)
0,0: (215,190,50,0.712886)  #D7BE32B6  srgba(215,190,50,0.712886)
0,0: (125,125,124,0.695109)  #7D7D7CB1  srgba(125,125,124,0.695109)
0,0: (209,179,117,0.695079)  #D1B375B1  srgba(209,179,117,0.695079)
0,0: (167,55,54,0.695109)  #A73736B1  srgba(167,55,54,0.695109)
0,0: (163,172,184,0.745937)  #A3ACB8BE  srgba(163,172,184,0.745937)
0,0: (119,155,65,0.695109)  #779B41B1  srgba(119,155,65,0.695109)
0,0: (59,118,161,0.695109)  #3B76A1B1  srgba(59,118,161,0.695109)
0,0: (206,128,44,0.695109)  #CE802CB1  srgba(206,128,44,0.695109)
0,0: (128,132,100,0.705638)  #808464B4  srgba(128,132,100,0.705638)
0,0: (207,110,97,0.666087)  #CF6E61AA  srgba(207,110,97,0.666087)
0,0: (213,188,158,0.782757)  #D5BC9EC8  srgba(213,188,158,0.782757)
0,0: (214,206,187,0.783124)  #D6CEBBC8  srgba(214,206,187,0.783124)
0,0: (78,78,78,0.288838)  #4E4E4E4A  srgba(78,78,78,0.288838)
0,0: (111,114,109,0.696269)  #6F726DB2  srgba(111,114,109,0.696269)
0,0: (201,196,178,0.693385)  #C9C4B2B1  srgba(201,196,178,0.693385)
0,0: (143,143,135,0.617288)  #8F8F879D  srgba(143,143,135,0.617288)
0,0: (179,148,75,0.548165)  #B3944B8C  srgba(179,148,75,0.548165)
0,0: (176,140,62,0.385138)  #B08C3E62  srgba(176,140,62,0.385138)
0,0: (187,185,200,0.577966)  #BBB9C893  srgba(187,185,200,0.577966)
0,0: (187,186,201,0.575509)  #BBBAC993  srgba(187,186,201,0.575509)
0,0: (166,130,89,0.720531)  #A68259B8  srgba(166,130,89,0.720531)
0,0: (186,194,219,0.622477)  #BAC2DB9F  srgba(186,194,219,0.622477)
0,0: (219,213,212,0.624308)  #DBD5D49F  srgba(219,213,212,0.624308)
0,0: (221,205,201,0.657115)  #DDCDC9A8  srgba(221,205,201,0.657115)
0,0: (97,142,182,0.701579)  #618EB6B3  srgba(97,142,182,0.701579)
0,0: (90,132,172,0.691478)  #5A84ACB0  srgba(90,132,172,0.691478)
0,0: (121,129,145,0.703761)  #798191B3  srgba(121,129,145,0.703761)
0,0: (118,128,142,0.701946)  #76808EB3  srgba(118,128,142,0.701946)
0,0: (184,79,63,0.64007)  #B84F3FA3  srgba(184,79,63,0.64007)
0,0: (179,137,78,0.263813)  #B3894E43  srgba(179,137,78,0.263813)
0,0: (184,184,183,0.785336)  #B8B8B7C8  srgba(184,184,183,0.785336)
0,0: (72,75,75,0.619669)  #484B4B9E  srgba(72,75,75,0.619669)
0,0: (66,80,90,0.661631)  #42505AA9  srgba(66,80,90,0.661631)
0,0: (250,169,92,0.837964)  #FAA95CD6  srgba(250,169,92,0.837964)
0,0: (250,174,97,0.837964)  #FAAE61D6  srgba(250,174,97,0.837964)
0,0: (132,65,47,0.721538)  #84412FB8  srgba(132,65,47,0.721538)
0,0: (149,174,197,0.837964)  #95AEC5D6  srgba(149,174,197,0.837964)
0,0: (153,159,167,0.611994)  #999FA79C  srgba(153,159,167,0.611994)
0,0: (141,146,156,0.586969)  #8D929C96  srgba(141,146,156,0.586969)
0,0: (104,88,67,0.714427)  #685843B6  srgba(104,88,67,0.714427)
0,0: (155,133,89,0.672663)  #9B8559AC  srgba(155,133,89,0.672663)
0,0: (88,90,95,0.610849)  #585A5F9C  srgba(88,90,95,0.610849)
0,0: (146,172,196,0.835935)  #92ACC4D5  srgba(146,172,196,0.835935)
0,0: (149,174,198,0.835935)  #95AEC6D5  srgba(149,174,198,0.835935)
0,0: (150,175,198,0.835935)  #96AFC6D5  srgba(150,175,198,0.835935)
0,0: (35,35,35,0.321538)  #23232352  srgba(35,35,35,0.321538)
0,0: (149,174,198,0.835935)  #95AEC6D5  srgba(149,174,198,0.835935)
0,0: (238,192,75,0.187091)  #EEC04B30  srgba(238,192,75,0.187091)
0,0: (241,196,80,0.329137)  #F1C45054  srgba(241,196,80,0.329137)
0,0: (150,110,104,0.610468)  #966E689C  srgba(150,110,104,0.610468)
0,0: (131,131,131,0.575219)  #83838393  srgba(131,131,131,0.575219)
0,0: (129,129,130,0.494179)  #8181827E  srgba(129,129,130,0.494179)
0,0: (125,125,126,0.514366)  #7D7D7E83  srgba(125,125,126,0.514366)
0,0: (123,185,130,0.57525)  #7BB98293  srgba(123,185,130,0.57525)
0,0: (51,49,44,0.308354)  #33312C4F  srgba(51,49,44,0.308354)
0,0: (131,131,131,0.237217)  #8383833C  srgba(131,131,131,0.237217)
0,0: (131,131,131,0.237217)  #8383833C  srgba(131,131,131,0.237217)
0,0: (173,162,143,0.564462)  #ADA28F90  srgba(173,162,143,0.564462)
0,0: (201,164,109,0.649317)  #C9A46DA6  srgba(201,164,109,0.649317)
0,0: (201,142,60,0.261677)  #C98E3C43  srgba(201,142,60,0.261677)
0,0: (218,194,148,0.492897)  #DAC2947E  srgba(218,194,148,0.492897)
0,0: (220,196,149,0.472038)  #DCC49578  srgba(220,196,149,0.472038)
0,0: (198,162,112,0.535271)  #C6A27088  srgba(198,162,112,0.535271)
0,0: (199,130,86,0.576425)  #C7825693  srgba(199,130,86,0.576425)
0,0: (210,187,182,0.394949)  #D2BBB665  srgba(210,187,182,0.394949)
0,0: (132,132,132,0.303212)  #8484844D  srgba(132,132,132,0.303212)
0,0: (146,146,146,0.714839)  #929292B6  srgba(146,146,146,0.714839)
0,0: (41,41,41,0.356161)  #2929295B  srgba(41,41,41,0.356161)
0,0: (41,41,41,0.35021)  #29292959  srgba(41,41,41,0.35021)
0,0: (42,42,42,0.342901)  #2A2A2A57  srgba(42,42,42,0.342901)
0,0: (41,41,41,0.363378)  #2929295D  srgba(41,41,41,0.363378)
0,0: (40,40,40,0.262379)  #28282843  srgba(40,40,40,0.262379)
0,0: (175,105,88,0.717113)  #AF6958B7  srgba(175,105,88,0.717113)
0,0: (152,174,194,0.837964)  #98AEC2D6  srgba(152,174,194,0.837964)
0,0: (147,170,192,0.837964)  #93AAC0D6  srgba(147,170,192,0.837964)
0,0: (140,165,188,0.837964)  #8CA5BCD6  srgba(140,165,188,0.837964)
0,0: (140,165,188,0.837964)  #8CA5BCD6  srgba(140,165,188,0.837964)
0,0: (147,170,192,0.837964)  #93AAC0D6  srgba(147,170,192,0.837964)
0,0: (139,164,188,0.837964)  #8BA4BCD6  srgba(139,164,188,0.837964)
0,0: (242,183,58,0.444526)  #F2B73A71  srgba(242,183,58,0.444526)
0,0: (130,136,144,0.439139)  #82889070  srgba(130,136,144,0.439139)
0,0: (178,179,183,0.315373)  #B2B3B750  srgba(178,179,183,0.315373)
0,0: (132,102,84,0.168505)  #8466542B  srgba(132,102,84,0.168505)
0,0: (123,123,123,0.324926)  #7B7B7B53  srgba(123,123,123,0.324926)
0,0: (167,167,167,0.22298)  #A7A7A739  srgba(167,167,167,0.22298)
0,0: (78,80,86,0.317052)  #4E505651  srgba(78,80,86,0.317052)
0,0: (160,161,161,0.382116)  #A0A1A161  srgba(160,161,161,0.382116)
0,0: (172,172,173,0.321996)  #ACACAD52  srgba(172,172,173,0.321996)
0,0: (138,104,137,0.686748)  #8A6889AF  srgba(138,104,137,0.686748)
0,0: (180,117,200,0.837964)  #B475C8D6  srgba(180,117,200,0.837964)
0,0: (95,145,88,0.482368)  #5F91587B  srgba(95,145,88,0.482368)
0,0: (222,202,79,0.375555)  #DECA4F60  srgba(222,202,79,0.375555)
0,0: (112,112,112,0.856825)  #707070DA  srgba(112,112,112,0.856825)
0,0: (145,145,145,0.856825)  #919191DA  srgba(145,145,145,0.856825)
0,0: (241,77,63,0.680659)  #F14D3FAE  srgba(241,77,63,0.680659)
0,0: (75,146,235,0.715206)  #4B92EBB6  srgba(75,146,235,0.715206)
0,0: (245,169,80,0.465385)  #F5A95077  srgba(245,169,80,0.465385)
0,0: (77,135,242,0.4654)  #4D87F277  srgba(77,135,242,0.4654)
0,0: (239,164,78,0.17882)  #EFA44E2E  srgba(239,164,78,0.17882)
0,0: (75,131,235,0.17882)  #4B83EB2E  srgba(75,131,235,0.17882)
0,0: (210,69,67,0.158145)  #D2454328  srgba(210,69,67,0.158145)
0,0: (200,59,59,0.161212)  #C83B3B29  srgba(200,59,59,0.161212)
0,0: (148,171,193,0.837964)  #94ABC1D6  srgba(148,171,193,0.837964)
0,0: (146,169,191,0.837964)  #92A9BFD6  srgba(146,169,191,0.837964)
0,0: (212,212,212,0.720195)  #D4D4D4B8  srgba(212,212,212,0.720195)
0,0: (212,212,212,0.720195)  #D4D4D4B8  srgba(212,212,212,0.720195)
0,0: (212,212,212,0.720195)  #D4D4D4B8  srgba(212,212,212,0.720195)
0,0: (212,212,212,0.720195)  #D4D4D4B8  srgba(212,212,212,0.720195)
0,0: (212,212,212,0.720195)  #D4D4D4B8  srgba(212,212,212,0.720195)
0,0: (212,212,212,0.720195)  #D4D4D4B8  srgba(212,212,212,0.720195)
0,0: (212,212,212,0.720195)  #D4D4D4B8  srgba(212,212,212,0.720195)
0,0: (212,212,212,0.720195)  #D4D4D4B8  srgba(212,212,212,0.720195)
0,0: (212,212,212,0.720195)  #D4D4D4B8  srgba(212,212,212,0.720195)
0,0: (212,212,212,0.720195)  #D4D4D4B8  srgba(212,212,212,0.720195)
0,0: (212,212,212,0.720195)  #D4D4D4B8  srgba(212,212,212,0.720195)
0,0: (214,214,214,0.720195)  #D6D6D6B8  srgba(214,214,214,0.720195)
0,0: (212,212,212,0.720195)  #D4D4D4B8  srgba(212,212,212,0.720195)
0,0: (212,212,212,0.720195)  #D4D4D4B8  srgba(212,212,212,0.720195)
0,0: (212,212,212,0.720195)  #D4D4D4B8  srgba(212,212,212,0.720195)
0,0: (212,212,212,0.720195)  #D4D4D4B8  srgba(212,212,212,0.720195)
0,0: (213,213,213,0.720195)  #D5D5D5B8  srgba(213,213,213,0.720195)
0,0: (214,214,214,0.720195)  #D6D6D6B8  srgba(214,214,214,0.720195)
0,0: (213,213,213,0.720195)  #D5D5D5B8  srgba(213,213,213,0.720195)
0,0: (212,212,212,0.720195)  #D4D4D4B8  srgba(212,212,212,0.720195)
0,0: (212,212,212,0.720195)  #D4D4D4B8  srgba(212,212,212,0.720195)
0,0: (212,212,212,0.720195)  #D4D4D4B8  srgba(212,212,212,0.720195)
0,0: (212,212,212,0.720195)  #D4D4D4B8  srgba(212,212,212,0.720195)
0,0: (212,212,212,0.720195)  #D4D4D4B8  srgba(212,212,212,0.720195)
0,0: (149,168,181,0.854765)  #95A8B5DA  srgba(149,168,181,0.854765)
0,0: (192,191,198,0.854765)  #C0BFC6DA  srgba(192,191,198,0.854765)
0,0: (118,168,181,0.854765)  #76A8B5DA  srgba(118,168,181,0.854765)
0,0: (103,150,200,0.854765)  #6796C8DA  srgba(103,150,200,0.854765)
0,0: (134,134,134,0.45568)  #86868674  srgba(134,134,134,0.45568)
0,0: (230,182,76,0.682994)  #E6B64CAE  srgba(230,182,76,0.682994)
0,0: (230,187,91,0.682994)  #E6BB5BAE  srgba(230,187,91,0.682994)
0,0: (208,180,101,0.692134)  #D0B465B0  srgba(208,180,101,0.692134)
0,0: (226,178,72,0.682994)  #E2B248AE  srgba(226,178,72,0.682994)
0,0: (228,180,75,0.682994)  #E4B44BAE  srgba(228,180,75,0.682994)
0,0: (211,173,83,0.69221)  #D3AD53B1  srgba(211,173,83,0.69221)
0,0: (223,175,73,0.68809)  #DFAF49AF  srgba(223,175,73,0.68809)
0,0: (209,181,84,0.746029)  #D1B554BE  srgba(209,181,84,0.746029)
0,0: (136,72,152,0.747646)  #884898BF  srgba(136,72,152,0.747646)
0,0: (240,192,67,0.682994)  #F0C043AE  srgba(240,192,67,0.682994)
0,0: (241,187,65,0.682994)  #F1BB41AE  srgba(241,187,65,0.682994)
0,0: (237,186,73,0.693889)  #EDBA49B1  srgba(237,186,73,0.693889)
0,0: (239,192,66,0.682994)  #EFC042AE  srgba(239,192,66,0.682994)
0,0: (236,169,59,0.682994)  #ECA93BAE  srgba(236,169,59,0.682994)
0,0: (192,155,61,0.688075)  #C09B3DAF  srgba(192,155,61,0.688075)
0,0: (240,192,67,0.682994)  #F0C043AE  srgba(240,192,67,0.682994)
0,0: (239,191,67,0.68809)  #EFBF43AF  srgba(239,191,67,0.68809)
0,0: (242,194,69,0.682994)  #F2C245AE  srgba(242,194,69,0.682994)
0,0: (240,193,67,0.682994)  #F0C143AE  srgba(240,193,67,0.682994)
0,0: (224,193,86,0.696223)  #E0C156B2  srgba(224,193,86,0.696223)
0,0: (240,193,68,0.682994)  #F0C144AE  srgba(240,193,68,0.682994)
0,0: (244,196,68,0.682994)  #F4C444AE  srgba(244,196,68,0.682994)
0,0: (233,184,65,0.682994)  #E9B841AE  srgba(233,184,65,0.682994)
0,0: (245,195,68,0.682795)  #F5C344AE  srgba(245,195,68,0.682795)
0,0: (236,182,64,0.69604)  #ECB640B1  srgba(236,182,64,0.69604)
0,0: (243,193,67,0.682795)  #F3C143AE  srgba(243,193,67,0.682795)
0,0: (241,186,65,0.682795)  #F1BA41AE  srgba(241,186,65,0.682795)
0,0: (239,181,78,0.687144)  #EFB54EAF  srgba(239,181,78,0.687144)
0,0: (231,180,92,0.687144)  #E7B45CAF  srgba(231,180,92,0.687144)
0,0: (236,178,77,0.687144)  #ECB24DAF  srgba(236,178,77,0.687144)
0,0: (244,196,69,0.682994)  #F4C445AE  srgba(244,196,69,0.682994)
0,0: (239,190,66,0.682994)  #EFBE42AE  srgba(239,190,66,0.682994)
0,0: (240,191,68,0.682994)  #F0BF44AE  srgba(240,191,68,0.682994)
0,0: (223,108,39,0.682734)  #DF6C27AE  srgba(223,108,39,0.682734)
0,0: (229,190,81,0.683299)  #E5BE51AE  srgba(229,190,81,0.683299)
0,0: (238,190,66,0.682994)  #EEBE42AE  srgba(238,190,66,0.682994)
0,0: (234,196,93,0.73695)  #EAC45DBC  srgba(234,196,93,0.73695)
0,0: (231,192,79,0.691844)  #E7C04FB0  srgba(231,192,79,0.691844)
0,0: (241,192,68,0.682994)  #F1C044AE  srgba(241,192,68,0.682994)
0,0: (237,188,65,0.682994)  #EDBC41AE  srgba(237,188,65,0.682994)
0,0: (196,176,121,0.682994)  #C4B079AE  srgba(196,176,121,0.682994)
0,0: (226,177,65,0.718837)  #E2B141B7  srgba(226,177,65,0.718837)
0,0: (227,186,80,0.701671)  #E3BA50B3  srgba(227,186,80,0.701671)
0,0: (226,176,65,0.718837)  #E2B041B7  srgba(226,176,65,0.718837)
0,0: (232,189,91,0.682994)  #E8BD5BAE  srgba(232,189,91,0.682994)
0,0: (212,180,96,0.683375)  #D4B460AE  srgba(212,180,96,0.683375)
0,0: (241,192,67,0.682994)  #F1C043AE  srgba(241,192,67,0.682994)
0,0: (241,192,66,0.682994)  #F1C042AE  srgba(241,192,66,0.682994)
0,0: (187,176,134,0.691844)  #BBB086B0  srgba(187,176,134,0.691844)
0,0: (193,172,126,0.712352)  #C1AC7EB6  srgba(193,172,126,0.712352)
0,0: (231,184,66,0.682994)  #E7B842AE  srgba(231,184,66,0.682994)
0,0: (228,184,95,0.682994)  #E4B85FAE  srgba(228,184,95,0.682994)
0,0: (228,185,70,0.701289)  #E4B946B3  srgba(228,185,70,0.701289)
0,0: (229,179,61,0.682994)  #E5B33DAE  srgba(229,179,61,0.682994)
0,0: (245,196,68,0.68809)  #F5C444AF  srgba(245,196,68,0.68809)
0,0: (235,189,120,0.682994)  #EBBD78AE  srgba(235,189,120,0.682994)
0,0: (193,160,63,0.633936)  #C1A03FA2  srgba(193,160,63,0.633936)
0,0: (176,160,89,0.658625)  #B0A059A8  srgba(176,160,89,0.658625)
0,0: (196,162,64,0.633936)  #C4A240A2  srgba(196,162,64,0.633936)
0,0: (201,150,54,0.633936)  #C99636A2  srgba(201,150,54,0.633936)
0,0: (209,171,60,0.633936)  #D1AB3CA2  srgba(209,171,60,0.633936)
0,0: (213,167,58,0.635737)  #D5A73AA2  srgba(213,167,58,0.635737)
0,0: (214,175,62,0.551766)  #D6AF3E8D  srgba(214,175,62,0.551766)
0,0: (198,170,74,0.634638)  #C6AA4AA2  srgba(198,170,74,0.634638)
0,0: (198,167,75,0.688838)  #C6A74BB0  srgba(198,167,75,0.688838)
0,0: (174,109,115,0.679301)  #AE6D73AD  srgba(174,109,115,0.679301)
0,0: (196,128,140,0.771099)  #C4808CC5  srgba(196,128,140,0.771099)
0,0: (82,101,110,0.50753)  #52656E81  srgba(82,101,110,0.50753)
0,0: (158,130,89,0.699565)  #9E8259B2  srgba(158,130,89,0.699565)
0,0: (158,132,88,0.750835)  #9E8458BF  srgba(158,132,88,0.750835)
0,0: (159,132,89,0.677882)  #9F8459AD  srgba(159,132,89,0.677882)
0,0: (178,118,115,0.687449)  #B27673AF  srgba(178,118,115,0.687449)
0,0: (202,183,155,0.445441)  #CAB79B72  srgba(202,183,155,0.445441)
0,0: (173,111,106,0.633082)  #AD6F6AA1  srgba(173,111,106,0.633082)
0,0: (163,105,97,0.673198)  #A36961AC  srgba(163,105,97,0.673198)
0,0: (169,156,143,0.529625)  #A99C8F87  srgba(169,156,143,0.529625)
0,0: (165,118,107,0.50901)  #A5766B82  srgba(165,118,107,0.50901)
0,0: (125,103,110,0.416495)  #7D676E6A  srgba(125,103,110,0.416495)
0,0: (118,81,66,0.615335)  #7651429D  srgba(118,81,66,0.615335)
0,0: (148,156,138,0.760555)  #949C8AC2  srgba(148,156,138,0.760555)
0,0: (145,155,171,0.651667)  #919BABA6  srgba(145,155,171,0.651667)
0,0: (153,161,196,0.704906)  #99A1C4B4  srgba(153,161,196,0.704906)
0,0: (162,167,170,0.680034)  #A2A7AAAD  srgba(162,167,170,0.680034)
0,0: (93,105,105,0.725795)  #5D6969B9  srgba(93,105,105,0.725795)
0,0: (106,124,153,0.812512)  #6A7C99CF  srgba(106,124,153,0.812512)
0,0: (94,98,94,0.606424)  #5E625E9B  srgba(94,98,94,0.606424)
0,0: (87,96,95,0.607797)  #57605F9B  srgba(87,96,95,0.607797)
0,0: (144,149,133,0.768338)  #909585C4  srgba(144,149,133,0.768338)
0,0: (178,153,111,0.689906)  #B2996FB0  srgba(178,153,111,0.689906)
0,0: (153,167,152,0.819165)  #99A798D1  srgba(153,167,152,0.819165)
0,0: (124,146,178,0.707408)  #7C92B2B4  srgba(124,146,178,0.707408)
0,0: (156,155,169,0.256519)  #9C9BA941  srgba(156,155,169,0.256519)
0,0: (142,145,151,0.746471)  #8E9197BE  srgba(142,145,151,0.746471)
0,0: (172,143,140,0.748699)  #AC8F8CBF  srgba(172,143,140,0.748699)
0,0: (177,108,98,0.767041)  #B16C62C4  srgba(177,108,98,0.767041)
0,0: (138,136,137,0.552438)  #8A88898D  srgba(138,136,137,0.552438)
0,0: (157,165,169,0.838148)  #9DA5A9D6  srgba(157,165,169,0.838148)
0,0: (188,158,74,0.538582)  #BC9E4A89  srgba(188,158,74,0.538582)
0,0: (163,165,109,0.719524)  #A3A56DB7  srgba(163,165,109,0.719524)
0,0: (166,74,67,0.470069)  #A64A4378  srgba(166,74,67,0.470069)
0,0: (77,141,193,0.794339)  #4D8DC1CB  srgba(77,141,193,0.794339)
0,0: (60,113,153,0.617411)  #3C71999D  srgba(60,113,153,0.617411)
0,0: (181,144,63,0.760082)  #B5903FC2  srgba(181,144,63,0.760082)
0,0: (49,104,83,0.617975)  #3168539E  srgba(49,104,83,0.617975)
0,0: (159,143,91,0.568505)  #9F8F5B91  srgba(159,143,91,0.568505)
0,0: (135,145,176,0.704738)  #8791B0B4  srgba(135,145,176,0.704738)
0,0: (139,152,143,0.89691)  #8B988FE5  srgba(139,152,143,0.89691)
0,0: (141,140,114,0.796429)  #8D8C72CB  srgba(141,140,114,0.796429)
0,0: (120,105,113,0.713313)  #786971B6  srgba(120,105,113,0.713313)
0,0: (112,108,77,0.373495)  #706C4D5F  srgba(112,108,77,0.373495)
0,0: (142,148,158,0.854765)  #8E949EDA  srgba(142,148,158,0.854765)
0,0: (103,131,141,0.584298)  #67838D95  srgba(103,131,141,0.584298)
0,0: (191,147,50,0.305516)  #BF93324E  srgba(191,147,50,0.305516)
0,0: (112,107,96,0.483314)  #706B607B  srgba(112,107,96,0.483314)
0,0: (104,99,88,0.496178)  #6863587F  srgba(104,99,88,0.496178)
0,0: (134,124,62,0.521736)  #867C3E85  srgba(134,124,62,0.521736)
0,0: (217,107,107,0.669276)  #D96B6BAB  srgba(217,107,107,0.669276)
0,0: (215,103,71,0.155093)  #D7674728  srgba(215,103,71,0.155093)
0,0: (182,131,71,0.578775)  #B6834794  srgba(182,131,71,0.578775)
0,0: (211,45,29,0.439292)  #D32D1D70  srgba(211,45,29,0.439292)
0,0: (166,152,136,0.197711)  #A6988832  srgba(166,152,136,0.197711)
0,0: (78,146,232,0.837964)  #4E92E8D6  srgba(78,146,232,0.837964)
0,0: (138,164,190,0.841184)  #8AA4BED7  srgba(138,164,190,0.841184)
0,0: (135,70,52,0.721538)  #874634B8  srgba(135,70,52,0.721538)
0,0: (63,135,228,0.841444)  #3F87E4D7  srgba(63,135,228,0.841444)
0,0: (132,66,48,0.721538)  #844230B8  srgba(132,66,48,0.721538)
0,0: (60,81,104,0.279545)  #3C516847  srgba(60,81,104,0.279545)
0,0: (125,60,42,0.721538)  #7D3C2AB8  srgba(125,60,42,0.721538)
0,0: (109,132,99,0.418585)  #6D84636B  srgba(109,132,99,0.418585)
0,0: (164,132,97,0.818173)  #A48461D1  srgba(164,132,97,0.818173)
0,0: (84,78,96,0.222751)  #544E6039  srgba(84,78,96,0.222751)
0,0: (133,68,50,0.721538)  #854432B8  srgba(133,68,50,0.721538)
0,0: (172,153,14,0.54905)  #AC990E8C  srgba(172,153,14,0.54905)
0,0: (56,134,230,0.837964)  #3886E6D6  srgba(56,134,230,0.837964)
0,0: (227,114,206,0.837964)  #E372CED6  srgba(227,114,206,0.837964)
0,0: (151,175,198,0.837964)  #97AFC6D6  srgba(151,175,198,0.837964)
0,0: (250,172,94,0.837964)  #FAAC5ED6  srgba(250,172,94,0.837964)
0,0: (179,179,179,0.446952)  #B3B3B372  srgba(179,179,179,0.446952)
0,0: (76,146,232,0.837964)  #4C92E8D6  srgba(76,146,232,0.837964)
0,0: (137,193,197,0.292805)  #89C1C54B  srgba(137,193,197,0.292805)
0,0: (161,158,155,0.325185)  #A19E9B53  srgba(161,158,155,0.325185)
0,0: (157,157,156,0.294774)  #9D9D9C4B  srgba(157,157,156,0.294774)
0,0: (67,137,228,0.841444)  #4389E4D7  srgba(67,137,228,0.841444)
0,0: (71,140,228,0.841444)  #478CE4D7  srgba(71,140,228,0.841444)
0,0: (93,153,231,0.841444)  #5D99E7D7  srgba(93,153,231,0.841444)
0,0: (77,142,229,0.841444)  #4D8EE5D7  srgba(77,142,229,0.841444)
